function cost = c(D1, D2, D3)

c=1.2654*(300*D1^1.327+500*D2^1.327+400*D3^1.327)