function cost = f(H_1)
f = 1236196.2/(-H_1+100).^0.272 + 816624.08/(H_1-89.5).^0.272 + 626395.2/(H_1-84.5).^0.272