function cost = f(H_1)
f = 1.2654*{300*443.739^1.327/(-H_1+100).^0.272 + 500*324.664^1.327/(H_1-89.5).^0.272 +400*265.853^1.327/(H_1-84.5).^0.272}